1
85
24
0
86
7
63
29
84
85
1
85
24
0
86
7
63
29
84
85
61
52
84
5
10
84
75
65
27
0
70
23
0
0
21
0
0
2
28
84
81
84
24
44
84
83
0
0
84
84
65
0
41
30
85
85
0
85
30
84
83
0
0
61
54
78
85
85
84
72
0
0
80
21
54
75
84
84
73
84
84
49
33
0
84
69
88
46
63
84
27
86
0
0
0
84
22
0
85
84
84
85
84
0
28
57
72
49
0
84
37
84
84
0
73
0
0
85
1
0
85
1
24
2
3
4
0
5
86
6
7
7
8
9
63
10
29
11
84
12
85
13
61
14
15
52
16
0
1
2
3
4
5
6
7
8
9
10
11
12
13
14
15
16
17
18
19
20
21
22
23
24
25
26
27
28
29
30
31
32
33
34
35
36
37
38
39
40
41
42
43
44
45
46
47
48
49
50
51
52
53
54
55
56
57
58
59
60
61
62
63
64
65
66
67
68
69
70
71
72
73
74
75
76
77
78
79
80
81
82
83
84
85
86
87
88
89
90
91
92
93
94
95
96
97
98
99
